# This file uses centimeters as units for non-parametric coordinates.

v -0.277778 -0.277778 0.277778
v 0.277778 -0.277778 0.277778
v -0.335518 0.375000 0.335518
v 0.335518 0.375000 0.335518
v -0.335518 0.375000 -0.335518
v 0.335518 0.375000 -0.335518
v -0.277778 -0.277778 -0.277778
v 0.277778 -0.277778 -0.277778
v -0.098626 0.519299 0.098626
v 0.098626 0.519298 0.098626
v 0.098626 0.519298 -0.098626
v -0.098626 0.519298 -0.098626
v -0.126777 0.635090 0.126777
v 0.126777 0.635090 0.126777
v 0.126777 0.635090 -0.126777
v -0.126777 0.635090 -0.126777
v -0.532576 0.832765 0.532576
v 0.532576 0.832765 0.532576
v 0.532576 0.832765 -0.532576
v -0.532576 0.832765 -0.532576
v -0.543510 1.903024 0.543510
v 0.543510 1.903024 0.543510
v 0.543510 1.903024 -0.543510
v -0.543510 1.903024 -0.543510
v -0.203317 2.106892 0.203317
v 0.203317 2.106891 0.203317
v 0.203317 2.106891 -0.203317
v -0.203317 2.106891 -0.203317
v -0.186534 2.259835 0.186534
v 0.186534 2.259835 0.186534
v 0.186534 2.259835 -0.186534
v -0.186534 2.259835 -0.186534
v -0.426029 2.419429 0.426029
v 0.426029 2.419429 0.426029
v 0.426029 2.419429 -0.426029
v -0.426029 2.419429 -0.426029
v -0.345145 3.119746 0.345145
v 0.345145 3.119746 0.345145
v 0.345145 3.119746 -0.345145
v -0.345145 3.119746 -0.345145
v 0.000000 0.832765 -0.710101
v -0.710101 0.832765 0.000000
v 0.600209 1.367895 0.600209
v 0.000000 1.903024 0.724681
v -0.600209 1.367895 0.600209
v 0.600209 1.367895 -0.600209
v 0.724681 1.903024 0.000000
v -0.600209 1.367895 -0.600209
v 0.000000 1.903024 -0.724681
v -0.724681 1.903024 0.000000
v 0.373414 2.081401 0.373414
v 0.000000 2.106892 0.271090
v -0.373414 2.081401 0.373414
v 0.373414 2.081401 -0.373414
v 0.271090 2.106892 0.000000
v -0.373414 2.081401 -0.373414
v 0.000000 2.106892 -0.271090
v -0.271090 2.106892 0.000000
v 0.146619 2.183363 0.146619
v 0.000000 2.259835 0.248712
v -0.146619 2.183363 0.146619
v 0.146619 2.183363 -0.146619
v 0.248712 2.259835 0.000000
v -0.146619 2.183363 -0.146619
v 0.000000 2.259835 -0.248712
v -0.248712 2.259835 0.000000
v 0.306282 2.285326 0.306282
v 0.000000 2.419429 0.568039
v -0.306282 2.285326 0.306282
v 0.306282 2.285326 -0.306282
v 0.568039 2.419429 0.000000
v -0.306282 2.285326 -0.306282
v 0.000000 2.419429 -0.568039
v -0.568039 2.419429 0.000000
v 0.465945 2.821738 0.465945
v -0.465945 2.821738 0.465945
v 0.465945 2.821738 -0.465945
v -0.465945 2.821738 -0.465945
v 0.000000 -0.375000 0.375000
v 0.375000 0.000000 0.375000
v 0.000000 0.375000 0.447357
v -0.375000 0.000000 0.375000
v 0.000000 3.224048 0.465945
v 0.465945 3.224048 0.000000
v 0.000000 3.224048 -0.465945
v -0.465945 3.224048 0.000000
v 0.000000 0.375000 -0.447357
v 0.375000 0.000000 -0.375000
v 0.000000 -0.375000 -0.375000
v -0.375000 0.000000 -0.375000
v 0.375000 -0.375000 0.000000
v -0.375000 -0.375000 0.000000
v 0.447357 0.375000 0.000000
v -0.447357 0.375000 0.000000
v 0.217072 0.500000 0.217072
v 0.000000 0.519298 0.131501
v -0.217072 0.500000 0.217072
v 0.217072 0.500000 -0.217072
v 0.131501 0.519298 0.000000
v -0.217072 0.500000 -0.217072
v 0.000000 0.519298 -0.131501
v -0.131501 0.519298 0.000000
v 0.059144 0.577194 0.059144
v 0.000000 0.635090 0.169036
v -0.059144 0.577194 0.059144
v 0.059144 0.577194 -0.059144
v 0.169036 0.635090 0.000000
v -0.059144 0.577194 -0.059144
v 0.000000 0.635090 -0.169036
v -0.169036 0.635090 0.000000
v 0.329677 0.654388 0.329677
v 0.000000 0.832765 0.710101
v -0.329677 0.654388 0.329677
v 0.329677 0.654388 -0.329677
v 0.710101 0.832765 0.000000
v -0.329677 0.654388 -0.329677
v 0.000000 0.000000 0.500000
v 0.000000 3.358152 0.000000
v 0.000000 0.000000 -0.500000
v 0.000000 -0.500000 0.000000
v 0.500000 0.000000 0.000000
v -0.500000 0.000000 0.000000
v 0.000000 0.500000 0.289429
v 0.289429 0.500000 0.000000
v 0.000000 0.500000 -0.289429
v -0.289429 0.500000 0.000000
v 0.000000 0.577194 0.078859
v 0.078859 0.577194 0.000000
v 0.000000 0.577194 -0.078859
v -0.078859 0.577194 0.000000
v 0.000000 0.654388 0.439569
v 0.439569 0.654388 0.000000
v 0.000000 0.654388 -0.439569
v -0.439569 0.654388 0.000000
v 0.000000 1.367894 0.800279
v 0.800279 1.367894 0.000000
v 0.000000 1.367894 -0.800279
v -0.800279 1.367894 0.000000
v 0.000000 2.081401 0.497885
v 0.497885 2.081401 0.000000
v 0.000000 2.081401 -0.497885
v -0.497885 2.081401 0.000000
v 0.000000 2.183363 0.195491
v 0.195491 2.183363 0.000000
v 0.000000 2.183363 -0.195491
v -0.195491 2.183363 0.000000
v 0.000000 2.285326 0.408376
v 0.408376 2.285326 0.000000
v 0.000000 2.285326 -0.408376
v -0.408376 2.285326 0.000000
v 0.000000 2.821739 0.621260
v 0.621260 2.821739 0.000000
v 0.000000 2.821739 -0.621260
v -0.621260 2.821739 0.000000
f 1 79 117 82
f 79 2 80 117
f 117 80 4 81
f 82 117 81 3
f 37 83 118 86
f 83 38 84 118
f 118 84 39 85
f 86 118 85 40
f 5 87 119 90
f 87 6 88 119
f 119 88 8 89
f 90 119 89 7
f 7 89 120 92
f 89 8 91 120
f 120 91 2 79
f 92 120 79 1
f 2 91 121 80
f 91 8 88 121
f 121 88 6 93
f 80 121 93 4
f 7 92 122 90
f 92 1 82 122
f 122 82 3 94
f 90 122 94 5
f 3 81 123 97
f 81 4 95 123
f 123 95 10 96
f 97 123 96 9
f 4 93 124 95
f 93 6 98 124
f 124 98 11 99
f 95 124 99 10
f 6 87 125 98
f 87 5 100 125
f 125 100 12 101
f 98 125 101 11
f 5 94 126 100
f 94 3 97 126
f 126 97 9 102
f 100 126 102 12
f 9 96 127 105
f 96 10 103 127
f 127 103 14 104
f 105 127 104 13
f 10 99 128 103
f 99 11 106 128
f 128 106 15 107
f 103 128 107 14
f 11 101 129 106
f 101 12 108 129
f 129 108 16 109
f 106 129 109 15
f 12 102 130 108
f 102 9 105 130
f 130 105 13 110
f 108 130 110 16
f 13 104 131 113
f 104 14 111 131
f 131 111 18 112
f 113 131 112 17
f 14 107 132 111
f 107 15 114 132
f 132 114 19 115
f 111 132 115 18
f 15 109 133 114
f 109 16 116 133
f 133 116 20 41
f 114 133 41 19
f 16 110 134 116
f 110 13 113 134
f 134 113 17 42
f 116 134 42 20
f 17 112 135 45
f 112 18 43 135
f 135 43 22 44
f 45 135 44 21
f 18 115 136 43
f 115 19 46 136
f 136 46 23 47
f 43 136 47 22
f 19 41 137 46
f 41 20 48 137
f 137 48 24 49
f 46 137 49 23
f 20 42 138 48
f 42 17 45 138
f 138 45 21 50
f 48 138 50 24
f 21 44 139 53
f 44 22 51 139
f 139 51 26 52
f 53 139 52 25
f 22 47 140 51
f 47 23 54 140
f 140 54 27 55
f 51 140 55 26
f 23 49 141 54
f 49 24 56 141
f 141 56 28 57
f 54 141 57 27
f 24 50 142 56
f 50 21 53 142
f 142 53 25 58
f 56 142 58 28
f 25 52 143 61
f 52 26 59 143
f 143 59 30 60
f 61 143 60 29
f 26 55 144 59
f 55 27 62 144
f 144 62 31 63
f 59 144 63 30
f 27 57 145 62
f 57 28 64 145
f 145 64 32 65
f 62 145 65 31
f 28 58 146 64
f 58 25 61 146
f 146 61 29 66
f 64 146 66 32
f 29 60 147 69
f 60 30 67 147
f 147 67 34 68
f 69 147 68 33
f 30 63 148 67
f 63 31 70 148
f 148 70 35 71
f 67 148 71 34
f 31 65 149 70
f 65 32 72 149
f 149 72 36 73
f 70 149 73 35
f 32 66 150 72
f 66 29 69 150
f 150 69 33 74
f 72 150 74 36
f 33 68 151 76
f 68 34 75 151
f 151 75 38 83
f 76 151 83 37
f 34 71 152 75
f 71 35 77 152
f 152 77 39 84
f 75 152 84 38
f 35 73 153 77
f 73 36 78 153
f 153 78 40 85
f 77 153 85 39
f 36 74 154 78
f 74 33 76 154
f 154 76 37 86
f 78 154 86 40
